   1  804829.90  1149889.02   665.62  *gabion. zÌdka
   2  804830.19  1149889.22   665.73  *el. sk¯ÌÚ NN
 3  804830.49  1149888.98   665.88  *gabion. zÌdka
   4  804830.44  1149887.22   666.10  *gabion. zÌdka
 5  804830.95  1149885.50   666.12  *gabion. zÌdka
  6  804830.90  1149885.96   666.18  *dopr. znaËka
   7  804832.18  1149884.10   666.12  *gabion. zÌdka
   8  804821.19  1149880.80   665.32  *strom
   9  804824.28  1149877.79   665.74  *kov. plot

  10  804815.96  1149883.32   664.86  *strom
  11  804814.46  1149882.16   664.87  *kov. plot
  12  804809.57  1149886.00   664.67  *strom
  13  804806.07  1149887.76   664.62  *strom
  14  804802.66  1149888.75   664.74  *strom
  15  804800.88  1149890.38   664.24  *pata meze
  16  804799.91  1149890.43   664.18  *pata meze
  17  804799.78  1149890.05   664.27  *bet. zÌdka
  18  804799.33  1149889.25   664.31  *bet. zÌdka
  19  804800.26  1149890.97   664.19  *cesta
  20  804798.24  1149889.91   664.02  *kraj asfaltu
  21  804796.70  1149886.64   663.98  *kraj asfaltu
  22  804800.16  1149895.11   664.12  *cesta
  23  804806.79  1149892.05   664.40  *cesta
  24  804809.58  1149891.73   664.56  *strom
  25  804799.71  1149896.10   664.28  *strom
  26  804799.48  1149895.40   664.10  *cesta
  27  804798.62  1149896.30   664.04  *cesta
  28  804798.40  1149896.79   664.03  *cesta
  29  804800.64  1149897.79   664.22  *cesta
  30  804805.81  1149900.01   664.31  *cesta
  31  804806.00  1149899.46   664.34  *kan. öachta
  32  804804.90  1149901.95   664.38  *cesta
  33  804797.68  1149898.74   664.03  *cesta
  34  804795.94  1149901.78   663.82  *kraj asfaltu
  35  804795.44  1149902.25   663.81  *kan. vpusù
  36  804790.95  1149890.80   663.86  *kraj asfaltu
  37  804789.89  1149891.25   663.81  *kov. plot
  38  804790.89  1149893.72   663.87  *kov. plot
  39  804791.92  1149893.86   663.91  *kraj asfaltu
  40  804792.23  1149896.78   663.96  *kraj asfaltu
  41  804791.70  1149896.74   663.99  *kov. plot
  42  804788.68  1149904.89   663.98  *kraj asfaltu
  43  804787.48  1149905.92   663.98  *kov. plot/vstup
  44  804787.05  1149906.93   664.03  *kov. plot/vstup
  45  804786.55  1149910.00   664.14  *kraj asfaltu
  46  804785.86  1149912.91   664.22  *kraj asfaltu
  47  804785.15  1149912.74   664.12  *kov. plot
  48  804790.28  1149914.26   664.12  *kraj asfaltu
  49  804792.56  1149908.29   663.96  *kraj asfaltu
  50  804796.92  1149906.75   663.97  *strom
  51  804802.66  1149905.80   664.53  *workout. h¯iötÏ
  52  804808.71  1149905.41   664.48  *workout. h¯iötÏ
  53  804808.62  1149903.68   664.38  *lampa VO
  54  804810.60  1149910.35   664.55  *cesta
  55  804809.07  1149910.44   664.59  *workout. h¯iötÏ
  56  804809.37  1149915.39   664.64  *workout. h¯iötÏ
  57  804810.85  1149915.34   664.69  *cesta
  58  804812.82  1149915.31   664.68  *cesta
  59  804812.44  1149908.24   664.49  *cesta
  60  804813.21  1149921.29   664.89  *cesta
  61  804811.26  1149921.29   664.88  *cesta
  62  804810.48  1149921.85   664.89  *cesta
  63  804803.40  1149919.16   664.62  *cesta
  64  804803.34  1149915.81   664.63  *workout. h¯iötÏ
  65  804802.98  1149910.89   664.59  *workout. h¯iötÏ
  66  804807.22  1149903.27   664.41  *znaËka
  67  804796.57  1149913.62   664.30  *strom
  68  804803.15  1149923.13   664.91  *strom
  69  804800.88  1149920.34   664.57  *cesta
  70  804790.04  1149916.27   664.17  *kraj asfaltu
  71  804795.31  1149921.18   664.54  *strom
  72  804798.73  1149925.21   664.58  *strom
  73  804800.50  1149927.63   665.01  *roh budovy
  74  804800.27  1149927.22   664.99  *bet. dlaûba
  75  804810.87  1149924.08   664.94  *cesta
  76  804811.35  1149924.89   664.97  *cesta
  77  804811.14  1149926.81   665.02  *cesta
  78  804810.64  1149928.76   665.07  *cesta
  79  804810.02  1149928.88   665.02  *lampa VO
  80  804812.55  1149929.24   665.06  *cesta
  81  804813.20  1149926.08   665.00  *cesta
  82  804813.36  1149923.96   664.96  *cesta
  83  804816.04  1149924.94   664.94  *hrana meze
  84  804817.06  1149925.07   664.61  *pata meze
  85  804821.60  1149926.40   666.06  *hrana meze
  86  804826.96  1149927.71   666.22  *terÈn
  87  804821.26  1149914.13   664.93  *hrana meze
  88  804819.02  1149911.30   664.22  *pata meze
  89  804817.26  1149909.95   664.50  *hrana meze
  90  804816.41  1149906.38   664.43  *hrana meze
  91  804813.98  1149903.78   664.38  *z·bradlÌ/hrana meze
  92  804813.73  1149900.02   664.24  *z·bradlÌ/hrana meze
  93  804814.20  1149896.27   664.23  *z·bradlÌ/hrana meze
  94  804815.77  1149892.86   664.50  *z·bradlÌ/hrana meze
  95  804818.31  1149890.02   664.82  *z·bradlÌ/hrana meze
  96  804822.77  1149888.82   665.21  *hrana meze
  97  804824.79  1149891.45   665.05  *hrana meze
  98  804825.11  1149896.74   664.85  *hrana meze
  99  804825.04  1149901.04   664.50  *hrana meze
 100  804823.89  1149903.89   664.31  *hrana meze
 101  804822.74  1149905.75   665.05  *hrana meze
 102  804827.83  1149909.95   665.59  *hrana meze
 103  804830.29  1149911.90   665.65  *hrana/pata meze
 104  804829.49  1149909.42   665.31  *pata meze
 105  804821.47  1149903.09   663.80  *vodnÌ plocha
 106  804821.80  1149902.60   663.97  *vröek potrubÌ
 107  804817.98  1149904.37   663.73  *vodnÌ plocha
 108  804818.06  1149904.54   663.88  *vröek potrubÌ
 109  804815.43  1149901.82   663.73  *vodnÌ plocha
 110  804814.90  1149899.13   663.71  *vodnÌ plocha
 111  804815.70  1149895.59   663.71  *vodnÌ plocha
 112  804820.04  1149892.60   663.61  *vodnÌ plocha
 113  804821.79  1149893.30   663.83  *vodnÌ plocha
 114  804822.08  1149896.50   663.62  *vodnÌ plocha
 115  804830.91  1149906.91   665.32  *pata meze
 116  804828.31  1149904.18   664.92  *pata meze
 117  804828.40  1149899.90   664.89  *pata meze
 118  804829.88  1149896.49   665.30  *pata meze
 119  804832.73  1149894.37   665.44  *pata meze
 120  804836.24  1149893.72   665.51  *pata meze
 121  804837.67  1149896.50   665.75  *pata meze
 122  804836.52  1149900.90   666.04  *pata meze
 123  804836.30  1149900.88   665.79  *strom
 124  804832.06  1149902.34   666.83  *hrana meze
 125  804832.61  1149898.45   666.95  *hrana meze
 126  804835.06  1149896.40   666.64  *hrana meze
 127  804835.53  1149898.15   666.66  *hrana meze
 128  804833.92  1149901.40   666.80  *hrana meze
 129  804838.80  1149910.07   666.28  *pata meze
 130  804839.53  1149906.27   666.01  *pata meze
 131  804842.79  1149903.10   666.38  *pata meze
 132  804846.42  1149903.75   666.61  *pata meze
 133  804847.23  1149906.66   666.63  *pata meze
 134  804845.93  1149910.22   666.70  *pata meze
 135  804844.35  1149912.21   666.90  *pata meze
 136  804842.65  1149912.16   667.28  *hrana meze
 137  804841.49  1149911.70   667.45  *hrana meze
 138  804843.47  1149906.14   667.34  *hrana meze
 139  804844.80  1149906.36   667.30  *hrana meze
 140  804842.97  1149911.63   667.34  *hrana meze
 141  804852.80  1149900.54   666.88  *terÈn
 142  804848.54  1149893.27   666.32  *pata meze
 143  804846.66  1149890.03   666.00  *pata meze
 144  804841.25  1149893.12   665.48  *pata meze
 145  804839.91  1149897.85   665.87  *pata meze
 146  804840.86  1149901.22   666.20  *pata meze
 147  804843.98  1149900.90   666.38  *pata meze
 148  804846.03  1149899.28   666.50  *pata meze
 149  804843.65  1149899.62   666.93  *hrana meze
 150  804842.47  1149898.99   667.05  *hrana meze
 151  804843.59  1149895.69   667.13  *hrana meze
 152  804845.70  1149894.01   667.06  *hrana meze
 153  804846.12  1149895.98   667.10  *hrana meze
 154  804843.90  1149898.98   667.11  *hrana meze
 155  804836.87  1149884.79   666.73  *hrana meze
 156  804833.65  1149886.02   666.75  *hrana meze
 157  804833.41  1149889.46   666.86  *hrana meze
 158  804837.03  1149888.08   666.75  *hrana meze
 159  804838.17  1149883.25   666.19  *pata meze
 160  804839.88  1149889.35   665.61  *pata meze
 161  804836.27  1149892.61   665.53  *pata meze
 162  804831.97  1149892.57   665.77  *pata meze
 163  804830.11  1149890.07   665.67  *pata meze
 164  804808.95  1149935.58   665.16  *cesta
 165  804810.93  1149935.89   665.15  *cesta
 166  804812.35  1149936.39   665.33  *strom
 167  804813.61  1149937.01   665.11  *hrana meze
 168  804814.63  1149937.42   664.84  *pata meze
 169  804818.85  1149939.56   666.14  *hrana meze
 170  804821.64  1149935.01   666.22  *strom
 171  804825.33  1149933.17   666.26  *strom
 172  804824.44  1149938.21   666.38  *strom
 173  804815.39  1149946.12   665.71  *hrana meze
 174  804812.48  1149944.98   664.91  *pata meze
 175  804811.62  1149944.10   665.19  *hrana meze
 176  804810.35  1149944.18   665.28  *strom
 177  804809.02  1149943.77   665.18  *cesta
 178  804806.99  1149943.58   665.18  *cesta
 179  804805.26  1149950.54   665.21  *cesta
 180  804807.13  1149951.14   665.20  *cesta
 181  804809.79  1149952.17   665.18  *hrana meze
 182  804810.61  1149952.67   664.95  *pata meze
 183  804812.46  1149953.16   665.50  *hrana meze
 184  804821.76  1149944.47   666.10  *terÈn
 185  804828.73  1149944.63   666.41  *kov. plot
 186  804826.95  1149953.77   666.16  *kov. plot
 187  804818.73  1149953.75   665.94  *terÈn
 188  804811.96  1149955.20   665.45  *hrana meze
 189  804811.10  1149955.09   665.26  *propustek
 190  804810.94  1149955.45   665.31  *propustek
 191  804808.60  1149955.08   665.24  *propustek
 192  804808.55  1149954.71   665.20  *propustek
 193  804809.54  1149952.93   665.17  *hrana meze
 194  804809.85  1149954.90   664.88  *dno propustku
 195  804808.26  1149951.50   665.28  *strom
 196  804802.12  1149960.30   665.26  *lampa VO
 197  804802.37  1149962.13   665.27  *cesta
 198  804804.24  1149962.62   665.25  *cesta
 199  804805.54  1149963.00   665.38  *strom
 200  804807.65  1149960.32   665.34  *propustek
 201  804807.58  1149960.63   665.33  *propustek
 202  804810.04  1149960.80   665.36  *propustek
 203  804809.94  1149961.13   665.36  *propustek
 204  804818.76  1149961.91   665.85  *terÈn
 205  804826.25  1149962.99   666.30  *kov. plot
 206  804825.23  1149974.01   666.39  *kov. plot
 207  804813.81  1149972.29   665.76  *terÈn
 208  804812.97  1149966.67   665.62  *strom
 209  804803.46  1149970.98   665.45  *strom
 210  804802.25  1149970.84   665.30  *cesta
 211  804800.22  1149970.73   665.28  *cesta
 212  804798.47  1149977.65   665.33  *cesta
 213  804800.35  1149978.27   665.33  *cesta
 214  804801.51  1149978.64   665.50  *strom
 215  804808.54  1149980.09   665.85  *terÈn
 216  804818.34  1149980.79   666.38  *terÈn
 217  804829.72  1149983.16   666.79  *terÈn
 218  804836.97  1149975.15   667.14  *kov. plot
 219  804827.43  1149992.88   666.98  *terÈn
 220  804824.19  1149991.72   666.84  *strom
 221  804816.47  1149988.20   666.42  *strom
 222  804806.25  1149984.57   665.73  *terÈn
 223  804799.55  1149985.96   665.52  *strom
 224  804798.54  1149986.03   665.36  *cesta
 225  804796.42  1149986.26   665.35  *cesta
 226  804795.24  1149988.60   665.36  *lampa VO
 227  804795.20  1149990.78   665.38  *cesta
 228  804794.88  1149991.49   665.36  *dlaûba/op. zÌdka
 229  804794.59  1149991.63   665.46  *kov. plot
 230  804788.92  1149989.93   665.30  *dlaûba/op. zÌdka
 231  804789.08  1149990.16   665.46  *kov. plot
 232  804794.54  1149991.98   665.46  *kov. plot/vstup
 233  804794.22  1149993.22   665.46  *kov. plot/vstup
 234  804797.77  1149993.21   665.49  *strom
 235  804805.48  1149993.96   665.87  *terÈn
 236  804812.01  1149995.80   666.22  *terÈn
 237  804815.42  1149995.97   666.41  *strom
 238  804822.87  1149998.43   666.82  *terÈn
 239  804828.80  1150000.38   667.20  *kov. plot
 240  804827.93  1150007.25   667.32  *kov. plot
 241  804834.73  1150010.16   667.89  *kov. plot
 242  804841.28  1150011.82   668.67  *kov. plot
 243  804837.32  1150015.16   668.14  *terÈn
 244  804827.14  1150013.43   667.19  *terÈn
 245  804819.81  1150011.50   666.77  *terÈn
 246  804809.24  1150008.65   666.33  *terÈn
 247  804800.69  1150006.08   666.04  *terÈn
 248  804794.11  1150003.27   665.37  *cesta
 249  804792.21  1150001.73   665.37  *dlaûba/op. zÌdka
 250  804791.97  1150001.65   665.45  *kov. plot
 251  804789.72  1150010.46   665.45  *kov. plot
 252  804789.91  1150010.68   665.39  *dlaûba/op. zÌdka
 253  804792.20  1150010.73   665.39  *cesta
 254  804788.82  1150012.65   665.35  *acodrain
 255  804785.64  1150016.74   665.45  *kov. plot
 256  804785.81  1150016.97   665.40  *dlaûba/op. zÌdka
 257  804785.72  1150017.04   665.41  *dlaûba/op. zÌdka
 258  804785.53  1150016.93   665.42  *dlaûba
 259  804784.71  1150019.61   665.50  *roh budovy
 260  804788.05  1150017.43   665.39  *dlaûba
 261  804788.52  1150018.13   665.54  *lampa VO
 262  804789.70  1150015.47   665.54  *kov. plot
 263  804787.70  1150019.12   665.54  *svah. tv·rnice
 264  804788.14  1150019.25   665.70  *svah. tv·rnice
 265  804787.77  1150021.10   665.90  *svah. tv·rnice
 266  804787.40  1150020.99   665.94  *svah. tv·rnice
 267  804787.21  1150023.70   666.09  *svah. tv·rnice
 268  804786.90  1150023.58   666.13  *svah. tv·rnice
 269  804787.54  1150024.54   666.07  *kov. plot
 270  804785.66  1150031.70   666.14  *kov. plot
 271  804785.27  1150031.62   666.11  *svah. tv·rnice
 272  804784.95  1150031.41   666.14  *svah. tv·rnice
 273  804784.75  1150031.38   665.61  *svah. tv·rnice
 274  804781.92  1150030.90   665.66  *budova
 275  804780.87  1150035.19   665.72  *roh budovy
 276  804780.12  1150037.74   665.74  *dlaûba
 277  804782.79  1150038.42   665.74  *dlaûba
 278  804799.34  1150018.99   666.10  *kov. plot
 279  804813.23  1150024.23   666.93  *pata/kov. plot
 280  804815.04  1150024.91   667.71  *hrana/kov. plot
 281  804817.34  1150018.22   667.55  *hrana meze
 282  804816.00  1150016.50   666.86  *pata meze
 283  804821.16  1150014.84   667.15  *pata meze
 284  804821.63  1150016.96   667.68  *hrana meze
 285  804825.17  1150022.68   668.02  *terÈn
 286  804822.25  1150027.64   668.02  *kov. plot
 287  804828.56  1150029.97   668.30  *pata/kov. plot
 288  804831.07  1150030.94   669.51  *hrana/kov. plot
 289  804833.90  1150032.01   669.66  *kov. plot
 290  804833.50  1150026.44   669.61  *hrana meze
 291  804831.20  1150025.55   668.27  *pata meze
 292  804833.50  1150019.62   668.26  *pata meze
 293  804835.63  1150019.80   669.06  *hrana meze
 294  804838.72  1150018.57   669.06  *hrana meze
 295  804838.01  1150017.06   668.44  *pata meze
 296  804841.96  1150014.78   669.45  *strom/hrana meze
 297  804832.33  1150015.03   667.86  *hrana/pata meze
 298  804791.90  1149992.74   664.13  *schodiötÏ
 299  804792.23  1149991.41   664.15  *schodiötÏ
 300  804788.80  1149990.35   664.14  *budova
 301  804782.92  1149988.64   664.12  *budova
 302  804774.35  1149991.22   663.79  *kan. öachta
 303  804773.59  1149991.98   663.68  *kan. vpusù
 304  804773.08  1149994.56   663.80  *roh budovy
 305  804773.80  1149992.28   663.65  *bet. dlaûba
 306  804773.83  1149992.04   663.66  *bet. dlaûba
 307  804778.19  1149993.07   663.78  *bet. dlaûba
 308  804778.14  1149993.29   663.77  *bet. dlaûba
 309  804777.43  1149994.91   663.82  *dlaûba
 310  804787.04  1149997.34   664.07  *dlaûba
 311  804786.40  1149997.79   664.11  *roh budovy
 312  804787.75  1149996.09   664.04  *kan. öachta
 313  804789.76  1149996.15   664.06  *bet. dlaûba
 314  804790.10  1149995.95   664.05  *bet. dlaûba
 315  804788.04  1150004.34   663.97  *bet. dlaûba
 316  804787.87  1150004.27   663.95  *bet. dlaûba
 317  804787.84  1150004.51   663.97  *kan. vpusù
 318  804787.91  1150004.76   663.97  *bet. dlaûba
 319  804787.76  1150004.72   663.95  *bet. dlaûba
 320  804786.27  1150010.58   664.04  *bet. dlaûba
 321  804786.52  1150010.66   664.04  *bet. dlaûba
 322  804784.74  1150010.11   664.05  *kan. öachta
 323  804783.95  1150010.77   664.07  *dlaûba
 324  804783.46  1150009.94   664.10  *roh budovy
 325  804781.04  1150012.86   664.11  *roh budovy
 326  804781.60  1150012.98   664.08  *dlaûba
 327  804781.48  1150015.97   664.47  *roh budovy
 328  804780.85  1150018.62   665.87  *roh budovy
 329  804785.46  1150016.55   664.15  *bet. zÌdka
 330  804789.45  1150010.46   664.10  *bet. zÌdka
 331  804831.68  1149966.89   666.51  *terÈn
 332  804841.33  1149969.33   667.15  *terÈn
 333  804847.99  1149967.76   667.73  *terÈn
 334  804851.95  1149960.52   668.12  *kov. plot
 335  804852.11  1149967.32   668.26  *kov. plot
 336  804851.42  1149975.52   668.40  *kov. plot
 337  804838.05  1149951.12   666.77  *terÈn
 338  804847.59  1149949.40   667.27  *terÈn
 339  804774.60  1149986.18   663.94  *bet. zÌdka
 340  804774.76  1149986.03   664.93  *kov. plot
 341  804772.82  1149985.73   664.64  *kov. plot
 342  804772.91  1149985.78   663.93  *bet. zÌdka
 343  804769.65  1149987.80   663.90  *bet. zÌdka
 344  804769.68  1149987.62   664.51  *kov. plot
 345  804768.03  1149988.57   664.46  *kov. plot
 346  804768.01  1149988.76   663.89  *bet. zÌdka
 347  804764.57  1149990.46   663.90  *bet. zÌdka
 348  804764.58  1149990.24   664.36  *kov. plot
 349  804767.63  1149992.02   663.79  *kan. öachta
 350  804768.48  1149999.63   663.70  *bet. rigol
 351  804768.20  1150000.17   663.71  *bet. rigol
 352  804766.78  1149999.65   663.59  *kan. vpusù
 353  804761.01  1149998.39   663.70  *bet. rigol
 354  804761.17  1149997.85   663.70  *bet. rigol
 355  804759.66  1149997.06   663.79  *kov. plot/vjezd
 356  804759.47  1149998.51   663.73  *kov. plot
 357  804758.35  1149997.61   663.61  *kan. vpusù
 358  804758.66  1149996.31   663.67  *kan. öachta
 359  804761.14  1149991.86   663.90  *bet. zÌdka
 360  804760.92  1149991.44   663.94  *bet. zÌdka
 361  804755.26  1149996.23   663.79  *bet. rigol
 362  804747.19  1149994.57   663.53  *bet. rigol
 363  804748.01  1149990.28   663.56  *kraj asfaltu
 364  804747.93  1149989.74   663.63  *kov. plot
 365  804753.80  1149988.56   663.80  *kov. plot
 366  804754.00  1149988.99   663.80  *kraj asfaltu
 367  804759.62  1149987.13   664.03  *kraj asfaltu
 368  804759.56  1149986.65   664.03  *kov. plot
 369  804762.27  1149985.53   664.13  *kov. plot
 370  804762.48  1149985.96   664.13  *kraj asfaltu
 371  804766.04  1149989.24   664.12  *bet. zÌdka
 372  804769.43  1149987.41   664.32  *bet. zÌdka
 373  804772.74  1149985.33   664.53  *bet. zÌdka
 374  804773.69  1149985.38   664.67  *bet. zÌdka
 375  804766.60  1149983.83   664.27  *kraj asfaltu
 376  804768.76  1149982.98   664.38  *kraj asfaltu
 377  804770.18  1149981.20   664.49  *kov. plot
 378  804771.26  1149981.21   664.49  *kraj asfaltu
 379  804774.04  1149978.06   664.61  *kov. plot/vstup
 380  804774.33  1149978.40   664.63  *kraj asfaltu
 381  804774.96  1149977.15   664.65  *kov. plot/vstup
 382  804779.24  1149972.92   664.89  *kraj asfaltu
 383  804778.78  1149972.74   664.88  *kov. plot
 384  804781.89  1149967.50   665.01  *kov. plot
 385  804782.42  1149967.66   664.99  *kraj asfaltu
 386  804784.53  1149962.07   665.05  *kraj asfaltu
 387  804783.95  1149961.95   665.04  *kov. plot
 388  804786.46  1149956.31   665.03  *kraj asfaltu
 389  804785.79  1149956.24   665.02  *kov. plot
 390  804787.68  1149947.43   664.86  *kov. plot
 391  804788.34  1149947.52   664.95  *kraj asfaltu
 392  804789.79  1149938.66   664.88  *kraj asfaltu
 393  804789.22  1149938.67   664.81  *kov. plot
 394  804790.22  1149934.26   664.74  *kraj asfaltu
 395  804789.84  1149933.31   664.74  *kov. plot
 396  804789.88  1149930.04   664.63  *kraj asfaltu
 397  804789.47  1149930.07   664.65  *kov. plot/vstup
 398  804789.08  1149928.92   664.63  *kov. plot/vstup
 399  804789.44  1149928.45   664.55  *kraj asfaltu
 400  804787.39  1149921.35   664.34  *kraj asfaltu
 401  804786.92  1149921.55   664.39  *kov. plot
 402  804792.71  1149927.34   664.61  *kraj asfaltu
 403  804793.53  1149929.91   664.72  *kraj asfaltu
 404  804794.40  1149931.30   664.79  *kraj asfaltu
 405  804797.66  1149932.72   664.94  *kraj asfaltu
 406  804798.63  1149933.00   664.96  *bet. dlaûba
 407  804798.95  1149933.14   665.05  *roh budovy
 408  804796.62  1149941.61   665.04  *budova
 409  804795.11  1149941.44   664.96  *kraj asfaltu
 410  804792.17  1149952.70   665.01  *kraj asfaltu
 411  804793.24  1149953.09   665.03  *budova
 412  804790.76  1149961.78   665.11  *budova
 413  804789.40  1149961.88   665.05  *kraj asfaltu
 414  804786.01  1149973.14   665.08  *kraj asfaltu
 415  804787.35  1149973.41   665.17  *budova
 416  804784.66  1149982.57   665.16  *budova
 417  804783.29  1149982.69   665.11  *kraj asfaltu
 418  804781.94  1149987.52   665.07  *kraj asfaltu
 419  804783.08  1149987.82   665.20  *beton
 420  804783.00  1149988.24   665.19  *bet. zÌdka
 421  804843.59  1149913.64   666.70  *pata meze
 422  804841.26  1149915.14   666.49  *pata meze
 423  804839.68  1149913.84   666.53  *pata meze
 424  804839.74  1149922.28   666.52  *terÈn
 425  804843.47  1149925.22   666.77  *terÈn
 426  804844.84  1149934.92   666.97  *terÈn
 427  804845.35  1149938.82   667.08  *terÈn
 428  804841.06  1149942.97   666.73  *kov. plot
 429  804790.86  1149982.82   665.24  *budova
 430  804793.29  1149974.52   665.19  *budova
 431  804795.97  1149965.27   665.14  *budova
 432  804798.77  1149955.68   665.11  *budova
 433  804801.84  1149945.05   665.11  *budova
 434  804804.67  1149934.77   665.09  *roh budovy
 435  804804.38  1149934.67   665.16  *roh budovy
 436  804805.86  1149929.15   665.02  *roh budovy
 437  804806.24  1149928.93   664.98  *bet. dlaûba
 438  804783.25  1150037.76   665.74  *svah. tv·rnice
 439  804783.41  1150037.58   666.13  *svah. tv·rnice
 440  804783.74  1150039.33   666.14  *kov. plot
 441  804780.70  1150042.92   666.03  *kov. plot
 442  804780.63  1150042.75   665.74  *svah. tv·rnice
 443  804780.41  1150042.58   665.76  *svah. tv·rnice
 444  804780.45  1150040.36   665.73  *kan. öachta
 445  804774.87  1150045.51   665.63  *kraj asfaltu
 446  804778.59  1150045.21   665.91  *kov. plot
 447  804776.16  1150048.36   665.78  *roh budovy
 448  804772.85  1150045.60   665.53  *kraj asfaltu
 449  804771.41  1150047.34   665.51  *kraj asfaltu
 450  804769.22  1150054.89   665.47  *kraj asfaltu
 451  804769.45  1150057.24   665.52  *kraj asfaltu
 452  804770.95  1150058.45   665.62  *kraj asfaltu
 453  804772.93  1150059.37   665.69  *roh budovy
 454  804771.01  1150053.72   665.58  *strom
 455  804776.43  1150036.93   665.62  *roh budovy
 456  804776.28  1150037.23   665.59  *kraj asfaltu
 457  804763.99  1150053.05   665.45  *roh budovy
 458  804764.34  1150053.95   665.44  *dlaûba
 459  804763.89  1150054.41   665.43  *dlaûba
 460  804764.01  1150053.88   665.41  *dlaûba
 461  804771.34  1150049.48   665.52  *bet. z·klad
 462  804772.16  1150047.82   665.49  *bet. z·klad
 463  804773.87  1150048.65   665.51  *bet. z·klad
 464  804879.52  1149978.34   672.68  *kraj asfaltu
 465  804883.90  1149980.84   672.83  *kraj asfaltu
 466  804885.37  1149978.91   672.87  *öachta
 467  804885.55  1149978.53   672.84  *kraj asfaltu
 468  804885.67  1149979.03   672.86  *roh budovy
 469  804885.97  1149977.90   672.85  *kraj asfaltu
 470  804886.33  1149977.57   672.87  *kraj asfaltu
 471  804886.93  1149977.64   672.84  *kraj asfaltu
 472  804890.16  1149979.95   672.77  *kraj asfaltu
 473  804889.54  1149981.23   672.77  *ûul. dlaûba
 474  804889.45  1149981.60   672.78  *budova
 475  804893.65  1149984.64   672.70  *roh budovy
 476  804893.90  1149984.36   672.75  *öachta
 477  804893.86  1149984.29   672.72  *ûul. dlaûba
 478  804894.54  1149983.24   672.68  *kraj asfaltu
 479  804895.13  1149983.57   672.66  *kraj asfaltu
 480  804895.78  1149983.94   672.65  *kraj asfaltu
 481  804894.84  1149985.50   672.73  *ûul. dlaûba
 482  804895.22  1149985.80   672.76  *ûul. dlaûba
 483  804895.79  1149986.23   672.78  *opÏrn· zÌdka_dole
 484  804896.10  1149983.79   672.64  *kan. vpusù
 485  804896.26  1149984.15   672.63  *kraj asfaltu
 486  804898.28  1149980.94   672.73  *kraj asfaltu
 487  804898.96  1149981.30   672.88  *opÏrn· zÌdka_dole
 488  804899.39  1149980.27   672.90  *dopr. znaËka
 489  804899.61  1149980.46   672.88  *opÏrn· zÌdka_dole
 490  804898.23  1149977.79   672.84  *kan. öachta
 491  804899.60  1149976.65   672.90  *öachta
 492  804899.64  1149976.77   672.86  *kraj asfaltu
 493  804900.60  1149977.33   672.85  *kraj asfaltu
 494  804901.67  1149975.50   672.89  *dlaûba
 495  804902.37  1149976.00   673.02  *opÏrn· zÌdka_dole
 496  804900.77  1149974.95   672.88  *dlaûba
 497  804900.39  1149974.72   672.88  *roh budovy
 498  804899.61  1149976.02   672.88  *bet. zÌdka
 499  804899.47  1149976.27   672.87  *bet. zÌdka
 500  804896.00  1149972.08   671.64  *bet. rampa
 501  804895.13  1149973.23   671.62  *bet. rampa
 502  804894.13  1149972.69   671.63  *bet. zÌdka
 503  804894.26  1149972.09   671.62  *bet. zÌdka
 504  804894.83  1149972.50   671.59  *öachta
 505  804895.23  1149973.95   673.08  *öachta
 506  804893.65  1149973.16   673.01  *kraj asfaltu
 507  804893.56  1149971.99   673.00  *dlaûba
 508  804893.90  1149971.33   673.00  *dlaûba
 509  804894.41  1149971.13   673.03  *bet. zÌdka
 510  804893.88  1149972.11   673.03  *bet. zÌdka
 511  804893.77  1149972.95   673.02  *bet. zÌdka
 512  804891.12  1149971.70   672.96  *kraj asfaltu
 513  804890.80  1149971.16   672.96  *kraj asfaltu
 514  804890.94  1149970.73   672.96  *kraj asfaltu
 515  804891.47  1149969.87   672.96  *kraj asfaltu
 516  804891.67  1149969.93   673.00  *öachta
 517  804891.97  1149969.66   672.98  *roh budovy
 518  804890.30  1149972.05   672.94  *kan. öachta
 519  804883.18  1149973.11   672.76  *kraj asfaltu
 520  804883.68  1149971.04   672.71  *lampa VO
 521  804887.47  1149966.71   672.82  *kraj asfaltu
 522  804889.79  1149962.95   672.83  *kraj asfaltu
 523  804889.76  1149962.05   672.82  *kraj asfaltu
 524  804889.25  1149961.21   672.81  *kraj asfaltu
 525  804887.69  1149960.15   672.69  *kraj asfaltu
 526  804887.65  1149959.16   672.60  *dopr. znaËka
 527  804893.57  1149966.74   672.99  *okap. svod
 528  804895.48  1149963.22   672.97  *dlaûba/beton
 529  804896.56  1149961.46   672.97  *dlaûba/beton
 530  804893.80  1149959.43   672.91  *terÈn
 531  804891.32  1149954.19   672.74  *kraj asfaltu
 532  804893.48  1149950.64   672.76  *kraj asfaltu
 533  804897.15  1149952.64   672.88  *terÈn
 534  804899.24  1149956.96   672.96  *dlaûba
 535  804899.56  1149957.15   673.00  *budova
 536  804901.14  1149947.60   672.90  *terÈn
 537  804896.51  1149945.59   672.77  *kraj asfaltu
 538  804903.65  1149949.60   672.98  *dlaûba/beton
 539  804904.72  1149947.85   672.98  *dlaûba/beton
 540  804906.94  1149944.67   673.00  *okap. svod
 541  804908.42  1149941.69   673.00  *dlaûba
 542  804908.81  1149941.91   673.00  *roh budovy
 543  804908.50  1149941.59   673.03  *öachta
 544  804905.05  1149944.43   672.96  *öachta_poklop
 545  804899.14  1149941.44   672.78  *kraj asfaltu
 546  804902.46  1149935.69   672.94  *kraj asfaltu
 547  804902.59  1149975.74   674.12  *opÏr. zÌdka_naho¯e
 548  804903.25  1149975.99   674.08  *chodnÌk
 549  804904.71  1149976.91   673.96  *asfalt. komunikace
 550  804903.78  1149978.90   673.91  *kan. vpusù
 551  804901.15  1149982.39   673.83  *asfalt. komunikace
 552  804899.44  1149982.10   673.92  *chodnÌk
 553  804898.78  1149981.70   673.95  *opÏr. zÌdka_naho¯e
 554  804895.77  1149986.39   673.83  *opÏr. zÌdka_naho¯e
 555  804896.46  1149986.67   673.81  *chodnÌk
 556  804897.68  1149987.62   673.70  *asfalt. komunikace
 557  804810.10  1149903.42   664.37  *cesta
 558  804809.97  1149901.24   664.39  *cesta
 559  804809.95  1149899.48   664.38  *cesta
 560  804810.10  1149898.18   664.36  *cesta
 561  804810.34  1149896.83   664.38  *cesta
 562  804810.72  1149895.46   664.40  *cesta
 563  804811.08  1149894.47   664.41  *cesta
 564  804811.73  1149893.04   664.48  *cesta
 565  804812.47  1149891.84   664.56  *cesta
 566  804813.45  1149890.48   664.67  *cesta
 567  804815.06  1149888.85   664.86  *cesta
 568  804814.85  1149888.35   664.84  *cesta
 569  804812.56  1149889.39   664.71  *cesta
 570  804811.95  1149900.31   664.32  *cesta
 571  804811.99  1149899.32   664.33  *cesta
 572  804812.10  1149898.32   664.29  *cesta
 573  804812.29  1149897.35   664.30  *cesta
 574  804812.53  1149896.38   664.33  *cesta
 575  804813.26  1149894.53   664.42  *cesta
 576  804814.26  1149892.80   664.56  *cesta
 577  804815.48  1149891.24   664.72  *cesta
 578  804816.74  1149890.03   664.85  *cesta
 579  804818.24  1149888.95   664.97  *cesta
 580  804819.65  1149888.19   665.08  *cesta
 581  804821.48  1149887.49   665.25  *cesta
 582  804822.95  1149887.17   665.35  *cesta
 583  804824.12  1149886.95   665.42  *cesta
 584  804825.87  1149890.00   665.32  *cesta
 585  804829.87  1149886.95   665.82  *gabion. zÌdka
 586  804830.52  1149885.13   665.90  *gabion. zÌdka
 587  804831.90  1149883.62   665.89  *gabion. zÌdka
 588  804839.03  1149879.98   665.95  *gabion. zÌdka
 589  804838.15  1149878.31   665.92  *oplocenÌ
 590  804828.19  1149882.81   665.79  *oplocenÌ
 591  804829.49  1149883.73   665.85  *öachta_poklop
 592  804826.57  1149883.47   665.72  *dlaûba
 593  804824.54  1149879.33   665.63  *dlaûba
 594  804824.56  1149878.59   665.62  *dlaûba
 595  804824.46  1149877.76   665.73  *dlaûba
 596  804825.48  1149877.18   665.73  *oplocenÌ
 597  804824.68  1149879.62   665.65  *dlaûba/cesta
 598  804812.34  1149885.40   664.75  *cesta
 599  804804.66  1149888.98   664.40  *cesta
 600  804799.43  1149890.61   664.11  *cesta
 601  804797.70  1149888.66   664.01  *cesta
 602  804799.15  1149889.22   664.17  *kov. plot
 603  804798.34  1149887.66   664.02  *kov. plot
 604  804799.77  1149889.05   664.80  *bet. zÌdka
 605  804800.06  1149889.61   664.80  *bet. zÌdka
 606  804803.88  1149887.81   664.71  *bet. zÌdka
 607  804808.82  1149885.51   664.71  *bet. zÌdka
 608  804814.67  1149882.81   664.80  *bet. zÌdka
 609  804814.15  1149883.38   664.83  *bet. zÌdka
 610  804808.98  1149885.71   664.66  *bet. zÌdka
 611  804804.91  1149887.57   664.66  *bet. zÌdka
 612  804805.99  1149895.83   664.30  *terÈn
 613  804900.54  1149934.56   672.88  *kraj asfaltu
 614  804794.25  1149991.91   664.15  *bet. zÌdka
 615  804773.06  1150050.30   665.53  *bet. z·klad